-89570005 -6100013 95670018
-89570005 95670018 -6100013
-83060067 -10340031 93400098
-83060067 93400098 -10340031
-80650005 -6040011 86690016
-80650005 86690016 -6040011
-78420001 -3220077 81640078
-78420001 81640078 -3220077
-77770031 -18160037 95930068
-77770031 95930068 -18160037
-73610023 -23450023 97060046
-73610023 97060046 -23450023
-71580015 -27320047 98900062
-71580015 98900062 -27320047
-70660005 -6040011 76700016
-70660005 76700016 -6040011
-68120011 -22220061 90340072
-68120011 90340072 -22220061
-66570041 -32270053 98840094
-66570041 98840094 -32270053
-65950013 -1360009 67310022
-65950013 67310022 -1360009
-65550023 -12890005 78440028
-65550023 78440028 -12890005
-63950083 -28460001 92410084
-63950083 92410084 -28460001
-62210037 -32840003 95050040
-62210037 95050040 -32840003
-62050023 -9030039 71080062
-62050023 71080062 -9030039
-61780045 -19860033 81640078
-61780045 81640078 -19860033
-61190009 -2000065 63190074
-61190009 63190074 -2000065
-61110069 -12100007 73210076
-61110069 73210076 -12100007
-56070073 -7350013 63420086
-56070073 63420086 -7350013
-54620095 -38780003 93400098
-54620095 93400098 -38780003
-53830053 -4320007 58150060
-53830053 58150060 -4320007
-51030025 -35700003 86730028
-51030025 86730028 -35700003
-49070035 -27200031 76270066
-49070035 -13200007 62270042
-49070035 62270042 -13200007
-49070035 76270066 -27200031
-48670007 -36120059 84790066
-48670007 84790066 -36120059
-46220055 -46140037 92360092
-46220055 92360092 -46140037
-46140037 -46220055 92360092
-46140037 92360092 -46220055
-38780003 -54620095 93400098
-38780003 93400098 -54620095
-38320055 -8920037 47240092
-38320055 47240092 -8920037
-38020019 -24750003 62770022
-38020019 62770022 -24750003
-36120059 -48670007 84790066
-36120059 84790066 -48670007
-36050025 -9030039 45080064
-36050025 45080064 -9030039
-35700003 -51030025 86730028
-35700003 86730028 -51030025
-33810037 -10340031 44150068
-33810037 44150068 -10340031
-33330021 -33130027 66460048
-33330021 66460048 -33130027
-33130027 -33330021 66460048
-33130027 66460048 -33330021
-32840003 -62210037 95050040
-32840003 95050040 -62210037
-32630001 -6770079 39400080
-32630001 39400080 -6770079
-32270053 -66570041 98840094
-32270053 -20160019 52430072
-32270053 52430072 -20160019
-32270053 98840094 -66570041
-28460001 -63950083 92410084
-28460001 92410084 -63950083
-27320047 -71580015 98900062
-27320047 98900062 -71580015
-27200031 -49070035 76270066
-27200031 76270066 -49070035
-24750003 -38020019 62770022
-24750003 62770022 -38020019
-24290091 -7500007 31790098
-24290091 31790098 -7500007
-23450023 -73610023 97060046
-23450023 97060046 -73610023
-22230005 -12460041 34690046
-22230005 34690046 -12460041
-22220061 -68120011 90340072
-22220061 90340072 -68120011
-21800041 -12890005 34690046
-21800041 34690046 -12890005
-20160019 -32270053 52430072
-20160019 52430072 -32270053
-19860033 -61780045 81640078
-19860033 81640078 -61780045
-18360043 -8020053 26380096
-18360043 -6810019 25170062
-18360043 25170062 -6810019
-18360043 26380096 -8020053
-18160037 -77770031 95930068
-18160037 95930068 -77770031
-13200007 -49070035 62270042
-13200007 62270042 -49070035
-12890005 -65550023 78440028
-12890005 -21800041 34690046
-12890005 34690046 -21800041
-12890005 78440028 -65550023
-12470089 -3220007 15690096
-12470089 15690096 -3220007
-12460041 -22230005 34690046
-12460041 34690046 -22230005
-12100007 -61110069 73210076
-12100007 73210076 -61110069
-10340031 -83060067 93400098
-10340031 -33810037 44150068
-10340031 44150068 -33810037
-10340031 93400098 -83060067
-9970017 -6440017 16410034
-9970017 16410034 -6440017
-9440039 -6040011 15480050
-9440039 15480050 -6040011
-9050009 -4890061 13940070
-9050009 13940070 -4890061
-9030039 -62050023 71080062
-9030039 -36050025 45080064
-9030039 45080064 -36050025
-9030039 71080062 -62050023
-8920037 -38320055 47240092
-8920037 47240092 -38320055
-8020053 -18360043 26380096
-8020053 26380096 -18360043
-7500007 -24290091 31790098
-7500007 31790098 -24290091
-7350013 -56070073 63420086
-7350013 63420086 -56070073
-6810019 -18360043 25170062
-6810019 25170062 -18360043
-6770079 -32630001 39400080
-6770079 39400080 -32630001
-6440017 -9970017 16410034
-6440017 16410034 -9970017
-6100013 -89570005 95670018
-6100013 95670018 -89570005
-6040011 -80650005 86690016
-6040011 -70660005 76700016
-6040011 -9440039 15480050
-6040011 15480050 -9440039
-6040011 76700016 -70660005
-6040011 86690016 -80650005
-4890061 -9050009 13940070
-4890061 13940070 -9050009
-4320007 -53830053 58150060
-4320007 58150060 -53830053
-3220077 -78420001 81640078
-3220077 81640078 -78420001
-3220007 -12470089 15690096
-3220007 15690096 -12470089
-2000065 -61190009 63190074
-2000065 63190074 -61190009
-1360009 -65950013 67310022
-1360009 67310022 -65950013
13940070 -9050009 -4890061
13940070 -4890061 -9050009
15480050 -9440039 -6040011
15480050 -6040011 -9440039
15690096 -12470089 -3220007
15690096 -3220007 -12470089
16410034 -9970017 -6440017
16410034 -6440017 -9970017
25170062 -18360043 -6810019
25170062 -6810019 -18360043
26380096 -18360043 -8020053
26380096 -8020053 -18360043
31790098 -24290091 -7500007
31790098 -7500007 -24290091
34690046 -22230005 -12460041
34690046 -21800041 -12890005
34690046 -12890005 -21800041
34690046 -12460041 -22230005
39400080 -32630001 -6770079
39400080 -6770079 -32630001
44150068 -33810037 -10340031
44150068 -10340031 -33810037
45080064 -36050025 -9030039
45080064 -9030039 -36050025
47240092 -38320055 -8920037
47240092 -8920037 -38320055
52430072 -32270053 -20160019
52430072 -20160019 -32270053
58150060 -53830053 -4320007
58150060 -4320007 -53830053
62270042 -49070035 -13200007
62270042 -13200007 -49070035
62770022 -38020019 -24750003
62770022 -24750003 -38020019
63190074 -61190009 -2000065
63190074 -2000065 -61190009
63420086 -56070073 -7350013
63420086 -7350013 -56070073
66460048 -33330021 -33130027
66460048 -33130027 -33330021
67310022 -65950013 -1360009
67310022 -1360009 -65950013
71080062 -62050023 -9030039
71080062 -9030039 -62050023
73210076 -61110069 -12100007
73210076 -12100007 -61110069
76270066 -49070035 -27200031
76270066 -27200031 -49070035
76700016 -70660005 -6040011
76700016 -6040011 -70660005
78440028 -65550023 -12890005
78440028 -12890005 -65550023
81640078 -78420001 -3220077
81640078 -61780045 -19860033
81640078 -19860033 -61780045
81640078 -3220077 -78420001
84790066 -48670007 -36120059
84790066 -36120059 -48670007
86690016 -80650005 -6040011
86690016 -6040011 -80650005
86730028 -51030025 -35700003
86730028 -35700003 -51030025
90340072 -68120011 -22220061
90340072 -22220061 -68120011
92360092 -46220055 -46140037
92360092 -46140037 -46220055
92410084 -63950083 -28460001
92410084 -28460001 -63950083
93400098 -83060067 -10340031
93400098 -54620095 -38780003
93400098 -38780003 -54620095
93400098 -10340031 -83060067
95050040 -62210037 -32840003
95050040 -32840003 -62210037
95670018 -89570005 -6100013
95670018 -6100013 -89570005
95930068 -77770031 -18160037
95930068 -18160037 -77770031
97060046 -73610023 -23450023
97060046 -23450023 -73610023
98840094 -66570041 -32270053
98840094 -32270053 -66570041
98900062 -71580015 -27320047
98900062 -27320047 -71580015
Total time taken : 0.1870 seconds.
